                
                   CASO N=1 

 rho      0.1  0.3 0.5 0.7 0.9 0.999
 PBTeor 0.091 0.231 0.333 0.412 0.474 0.5

poisson
 PB     0.0903  0.2314  0.3332 0.4115 0.4737 0.5001
 PBsup  0.0915  0.2324  0.334  0.4122 0.4743 0.5007
 PBinf  0.0891  0.2305  0.3323 0.4108 0.4731 0.4994

Deterministico
PB     0.0902  0.2304  0.3330 0.4115 0.4734 0.4996
PBsup  0.0915  0.2313   0.3337 0.4122 0.4739 0.5001
PBinf  0.0895  0.2295  0.3323  0.4110 0.4729 0.4992

Erlang2
PB     0.09135 0.2315  0.3334 0.4117   0.473458 0.4995
PBsup  0.0923  0.2324 0.3342 0.4124   0.4739 0.5001
PBinf  0.0903  0.2306  0.3337  0.4110  0.4729 0.4989

                    CASO N=2

rho      0.1  0.3 0.5 0.7 0.9 0.999
PB      0.005 0.033 0.077 0.126 0.176 0.200

Poisson
PB     0.0045 0.0337 0.077 0.1259 0.1756 0.1998
PBSup  0.0048 0.0342 0.0775 0.1264 0.1762 0.2003
PBinf  0.0042 0.0332 0.0765 0.1254 0.175 0.1993

Deterministico
PB     0.0044 0.0331 0.0768 0.1257 0.1755 0.1996
PBSup  0.0046 0.0336 0.0773 0.1262 0.1760 0.2001
PBinf  0.0042 0.0326 0.0763 0.1252 0.1750 0.1991

Erlang2
PB     0.0044 0.0331 0.0772 0.1254 0.1757 0.1997
PBSup  0.0046 0.0336 0.0777 0.1259 0.1762 0.2002
PBinf  0.0042 0.0326 0.0767 0.1249 0.1752 0.1992

                    CASO N=3

rho      0.1  0.3 0.5 0.7 0.9 0.999
PB       0  0.003 0.013 0.029 0.05 0.062

Poisson
PB     0 0.0034 0.0128 0.0286 0.0502 0.0626
PBSup  0 0.0035 0.0130 0.0288 0.0505 0.0629
PBinf  0 0.0033 0.0126 0.0284 0.0499 0.0623

Deterministico
PB     0 0.0033 0.0126 0.0286 0.0501 0.0622
PBSup  0 0.0034 0.0128 0.0288 0.0504 0.0626
PBinf  0 0.0032 0.0124 0.0284 0.0498 0.0618

Erlang2
PB     0 0.0033 0.0127 0.0285 0.0501 0.0622
PBSup  0 0.0034 0.0129 0.0288 0.0504 0.0626
PBinf  0 0.0032 0.0125 0.0282 0.0498 0.0618




